geometry 10 7

flags
  1 1 
  8 9

water 0,4 0,5 0,6 1,4 1,5 1,6 1,7 2,5 2,6 2,7 3,5 3,6 3,7 3,8 4,7

desert 0,0 0,1 0,2 0,3 1,2 1,3 2,1 2,2 2,3 2,4 3,2 3,3 3,4 4,2 4,3 4,4 4,5 4,6 5,4 5,5 5,6 6,5 6,6 7,6 8,6

brush 4,8 5,7 5,8 5,9 6,7 6,8 6,9 7,7 7,8 7,9 7,10 8,7 8,8 8,10 9,8 9,9 9,10 9,11

unpaved 1,1 0,1 0,2 1,3 2,4 3,4 4,5 5,6

dividedhwy 3,2 4,3 5,4 6,5 7,6 8,7 8,8 8,9

river 4,7 5,8 6,8 7,9 8,10 9,10 9,9

river 6,8 6,7 7,7 8,7 8,6 8,5 9,5 

canyon 
  1 2 dl dn dr
  2 2 dr dn ur
  2 1 dr

fence
  8 9 ul dl dn dr ur
  

  
  
